2222222222222222222222222222222222222222222222222222222222222222
2222222222222222222222222222222222222222222222222222222222222222
2222222222222222222222222222222222222222222222222222222222222222
2222222222222222222222222222222222222222222222222222222222222222
2222222222222222222222222222222222222222222222222222222222222222
2222222222222222222222222222222222222222222222222222222222222222
2222222222222222222222222222222222222222222222222222222222222222
2222222222222222222222222222222222222222222222222222222222222222
2222222222222222222222222222222222222222222222222222222222222222
2222222222222222222222222222222222222222222222222222222222222222
2222222222222222222222222222222222222222222222222222222222222222
2222222222222222222222222222222222222222222222222222222222222222
2222222222222222222222222222222222222222222222222222222222222222
2222222222222222222222222222222222222222222222222222222222222222
2222222222222222222222222222222222222222222222222222222222222222
2222222222222222222222222222222222222222222222222222222222222222
2222222222222222222222222222222222222222222222222222222222222222
2222222222222222222222222222222222222222222222222222222222222222
2222222222222222222222222222222222222222222222222222222222222222
2222222222222222222222222222222222222222222222222222222222222222
2222222222222222222222222222222222222222222222222222222222222222
2222222222222222222222222222222222222222222222222222222222222222
2222222222222222222222222222222222222222222222222222222222222222
2222222222222222222222222222222222222222222222222222222222222222
2222222222222222222222222222222222222222222222222222222222222222
2222222222222222222222222222222222222222222222222222222222222222
2222222222222222222222222222222222222222222222222222222222222222
2222222222222222222222222222222222222222222222222222222222222222
2222222222222222222222222222222222222222222222222222222222222222
2222222222222222222222222222222222222222222222222222222222222222
2222222222222222222222222222222222222222222222222222222222222222
2222222222222222222222222222222222222222222222222222222222222222
1010010111101100001000101110101010010000011101110010111101110011
1110000100100101010101110110100100111110010010111011000010111001
0000110010011111110110100101101111110001010111110010010011100000
0011100010100010010111111010101010100001111100111010000101100010
0010111100001010111011110101111100110001110000001111000110100101
0011101100110110011001110011000000011101101000101001000111010011
0100011000101011010101010101011001111001011100000001100100011110
1111010010000011100010101110010111111000000101001111000000001111
1110111101001110110111000001111110110000001100001110000000011101
0010010110000010000001000001010111010101110111111110110111000101
1000110011010011000100110011011110011110010110001111000001100111
0110000111111111110010100000110111110101011100100000110100100101
0000110011110101001001101000100110101010011101100000001000001101
0101011110100000101000111010100111011101000010011110111111010101
0010100110101011111010010101001111100111111011100000001001111001
1011011111010011111001110010101100110111100110010000011001101001
1000000111111000010100110101100100001101011001101000111011101101
0000000100001001001110110011111011001110110110010001010001000101
1111110101011100101110011001110100101110001110011001111001111100
1111101101001011111010001101000011001110000101011011000100111000
1100000000010101001000010011011000000011000111110000101000110101
0000000101011100100001101111110010011111111111011011110000101100
0110111001101010011111111111100011100011110011100010111100000101
1110010001111011110110110010111011010001011011000011000010110101
1011111100001100010011011111010111100100100111000010101010011011
1001101010110111100111000001110010100110101101101001111000001110
1100001000111110010110001000010010111000010101101001011001001001
1110000010101010111101010001010100111110000111001111010100010100
0011101101100111101111001001010101011000100100011100100111000011
0100000000010101101010100110000111010101001110001010011010000110
0001010101000010000011100001000110100001111000011001111000100100
0010011111100110010011101110100100000101000001000101111111011100
2222222222222222222222222222222222222222222222222222222222222222
2222222222222222222222222222222222222222222222222222222222222222
2222222222222222222222222222222222222222222222222222222222222222
2222222222222222222222222222222222222222222222222222222222222222
2222222222222222222222222222222222222222222222222222222222222222
2222222222222222222222222222222222222222222222222222222222222222
2222222222222222222222222222222222222222222222222222222222222222
2222222222222222222222222222222222222222222222222222222222222222
2222222222222222222222222222222222222222222222222222222222222222
2222222222222222222222222222222222222222222222222222222222222222
2222222222222222222222222222222222222222222222222222222222222222
2222222222222222222222222222222222222222222222222222222222222222
2222222222222222222222222222222222222222222222222222222222222222
2222222222222222222222222222222222222222222222222222222222222222
2222222222222222222222222222222222222222222222222222222222222222
2222222222222222222222222222222222222222222222222222222222222222
2222222222222222222222222222222222222222222222222222222222222222
2222222222222222222222222222222222222222222222222222222222222222
2222222222222222222222222222222222222222222222222222222222222222
2222222222222222222222222222222222222222222222222222222222222222
2222222222222222222222222222222222222222222222222222222222222222
2222222222222222222222222222222222222222222222222222222222222222
2222222222222222222222222222222222222222222222222222222222222222
2222222222222222222222222222222222222222222222222222222222222222
2222222222222222222222222222222222222222222222222222222222222222
2222222222222222222222222222222222222222222222222222222222222222
2222222222222222222222222222222222222222222222222222222222222222
2222222222222222222222222222222222222222222222222222222222222222
2222222222222222222222222222222222222222222222222222222222222222
2222222222222222222222222222222222222222222222222222222222222222
2222222222222222222222222222222222222222222222222222222222222222
2222222222222222222222222222222222222222222222222222222222222222
1000011111101110011110100100001010111111011101110011110101001110
0111000101001001100101111010000000010110001110000001101010001111
1111110101110001110001101101011001111011001011110010010110011000
1010000010111011000010001111100101111101001110001000000111000111
1010011001101110111010100011100010011110000100000000111011100111
1101010100111101110111111100110000101111011010111001101111001110
0101100001000100001101000001010010111110011010001110001011101010
1000000111010101011101010000000010010111001111011011110000101001
0010000011001010110101111001001101111101100111101010001010110001
1000110001101101110011111101000001110100101110101100001111100000
0000100101010100110001000011111011011100110011101101101000110101
1001010100000110010111011001110110011100000101001000011011011111
1000110001100011101011000111101110100001110001101101000010001011
1110110111011101000100010011011010111011001010000111010100010010
0011010000000001110010111101110111101100001110111011111010010110
1100110111000010000100100111110011101001100111111110100100001111
1000111001110001011111101100100011011010000100111001010001011111
0000011111101010111001100011010010000100101001011110010111011000
0011100001110100011111101010111110100101100001011101101001010001
1011101000101111000111011110111011001100111010110100110101110100
0101000101011100001001000100011000100100000000001111010001111001
0001011001010111110111000000011010100010000001010110010110011011
1101111001101101010101010101010010011101001011111001010101110001
1101001010000010010000111001101100001001010001011110001010000011
0000100110101011000101111000011101010110001011111000100011100011
1011011000001000010111100000001101101000101111111011111011010111
1111111001100101101101011111100010110001101111000101010111000000
1001000110010010011010110110000001111011111111101011101010001010
0000000001111110111111001001011010000001101001111101101001011010
0000100100110010110001001100111011110010100000111100010100100011
1100101011111000100111110001101000000101010110010110001010110011
0010001110101010000111000101101000001011000111100111111110011111
2222222222222222222222222222222222222222222222222222222222222222
2222222222222222222222222222222222222222222222222222222222222222
2222222222222222222222222222222222222222222222222222222222222222
2222222222222222222222222222222222222222222222222222222222222222
2222222222222222222222222222222222222222222222222222222222222222
2222222222222222222222222222222222222222222222222222222222222222
2222222222222222222222222222222222222222222222222222222222222222
2222222222222222222222222222222222222222222222222222222222222222
2222222222222222222222222222222222222222222222222222222222222222
2222222222222222222222222222222222222222222222222222222222222222
2222222222222222222222222222222222222222222222222222222222222222
2222222222222222222222222222222222222222222222222222222222222222
2222222222222222222222222222222222222222222222222222222222222222
2222222222222222222222222222222222222222222222222222222222222222
2222222222222222222222222222222222222222222222222222222222222222
2222222222222222222222222222222222222222222222222222222222222222
2222222222222222222222222222222222222222222222222222222222222222
2222222222222222222222222222222222222222222222222222222222222222
2222222222222222222222222222222222222222222222222222222222222222
2222222222222222222222222222222222222222222222222222222222222222
2222222222222222222222222222222222222222222222222222222222222222
2222222222222222222222222222222222222222222222222222222222222222
2222222222222222222222222222222222222222222222222222222222222222
2222222222222222222222222222222222222222222222222222222222222222
2222222222222222222222222222222222222222222222222222222222222222
2222222222222222222222222222222222222222222222222222222222222222
2222222222222222222222222222222222222222222222222222222222222222
2222222222222222222222222222222222222222222222222222222222222222
2222222222222222222222222222222222222222222222222222222222222222
2222222222222222222222222222222222222222222222222222222222222222
2222222222222222222222222222222222222222222222222222222222222222
2222222222222222222222222222222222222222222222222222222222222222
0111001010100001101101100111101101111111010100100000010111100000
1111101010110010001101101110101011110000100001100100001001010011
0111001001000001001010011111010111100001010110011110111100100011
1111101100100101010110110000010110000011000100010100010000001111
0101000101000011010100110110100000111010100101100111010000101000
0010111011101010111100000110111110001110000000010111001101111100
0011001001110111000011111011111100100101101011110011100011111010
0101011100010111010000000110101000000101011011111101110001101110
1101101000110101010000100000010011110110011001110111000101101001
1000000011111110100010000001101100100010110110001001110000011110
0010000000110001010101010111011000100101110111001000000011011010
1100011001001110111110111100011010001000100110010110010111101011
1001001010011001001110001001111001101010111000000010000100100101
0011010011001001101100010110110110101011101001010010101111010100
0101011010000010101101110001010110001000010011010000010010111010
1010100011101110010011001010000010001101100100100110001111001101
0010011010111101001010001010111111110100000110011100000100011011
1010111001110110110100110111100101111111100100011100110101000011
1011111101001001100001110101101100001111010110001010100100111011
0000001100110101010101001101111000100101001010000000010110000111
0100000010010100010001001001101100011101110111001111101101000010
0001011010000000101110101000001011110110001010101111100111110000
1011001101111011000000101000101100001100010001111100110010000001
0011011101010111000111110101111111100000011110110100001001010000
0000010001101001001110100011111111101111101000011011011001000001
1101110110101100001011101100000011111011001100010111110100011111
1010101000000010011111000100110111010001100001001111010111001011
1100110101011110101111101000010011000010100010110100100101111000
0110011100011001000011001101110000000100001101011110111101100101
1011110110010011011111110001111111110011110100001100111110001000
1001010011000001000000001100100010010100110000001110000100100011
0101100101010010100000000101000100010101011100101001001101110011
2222222222222222222222222222222222222222222222222222222222222222
2222222222222222222222222222222222222222222222222222222222222222
2222222222222222222222222222222222222222222222222222222222222222
2222222222222222222222222222222222222222222222222222222222222222
2222222222222222222222222222222222222222222222222222222222222222
2222222222222222222222222222222222222222222222222222222222222222
2222222222222222222222222222222222222222222222222222222222222222
2222222222222222222222222222222222222222222222222222222222222222
2222222222222222222222222222222222222222222222222222222222222222
2222222222222222222222222222222222222222222222222222222222222222
2222222222222222222222222222222222222222222222222222222222222222
2222222222222222222222222222222222222222222222222222222222222222
2222222222222222222222222222222222222222222222222222222222222222
2222222222222222222222222222222222222222222222222222222222222222
2222222222222222222222222222222222222222222222222222222222222222
2222222222222222222222222222222222222222222222222222222222222222
2222222222222222222222222222222222222222222222222222222222222222
2222222222222222222222222222222222222222222222222222222222222222
2222222222222222222222222222222222222222222222222222222222222222
2222222222222222222222222222222222222222222222222222222222222222
2222222222222222222222222222222222222222222222222222222222222222
2222222222222222222222222222222222222222222222222222222222222222
2222222222222222222222222222222222222222222222222222222222222222
2222222222222222222222222222222222222222222222222222222222222222
2222222222222222222222222222222222222222222222222222222222222222
2222222222222222222222222222222222222222222222222222222222222222
2222222222222222222222222222222222222222222222222222222222222222
2222222222222222222222222222222222222222222222222222222222222222
2222222222222222222222222222222222222222222222222222222222222222
2222222222222222222222222222222222222222222222222222222222222222
2222222222222222222222222222222222222222222222222222222222222222
2222222222222222222222222222222222222222222222222222222222222222
1010111001001000000001100001110001001110011001000010111100101000
1001111011001101000001001001001000011010010011101100100101111000
1100000111011000111010110100100011001111111011101111011010000101
0101000111010001110100100011101010000010100001011101010010111110
0000100011100011011100011000110011101101111000100010000101110101
1111011001111110001000110001100101010001101111011000100110011110
0111010011101101001011100101000111111101000000011000100111010000
0110011000110110001010011100010100010011110001010101111100011100
1011110101010110101010010011110000010101001011001110000001110100
1001101101101000010101100100100000000000101100101011111110011010
0100010101011000011010110100110100010100000110000011110011101111
0101001111110110000010000110110011001000101111111000001100100010
1001100110000101100111110000110001110011010011001011110111100001
1011101010111100001010011100011100100110001010111101010110100001
1010001110010101100101110110011110101000101100100101111100010110
1011100101011110011001110010110101111000001011101110111000111010
1100011111001011101111011111000111011010101001001111000101100101
0111000011110010100110101011111010101010010101111101111111111001
1110000000000011001010000000100101000001011100100111000110110101
0110001100111011100010000011010000011011111111010111010110010110
0010100100101010101011010110110101000011001011010111010001000000
1000010010101011110011101100011001110111010110111101001101110101
1111100101000010010111001101100000110101111101101011010111101110
0001011111011010101100001101101001111110100011111001010000101101
0011111010110011011000111110110100111010001101010111111010000011
0101010001111101110010101111111000011001001100000100011101111000
1101000001111011111000100100111011010111010000111101100000000100
1011111100011011111100001010001010100011010100111000111010110010
1100011001000010110000000111100001011010011100010011011000010111
0111101011111100111001100101010101100010100010100011000000001000
0000100110000100101011100111000010011100011100000111111010001110
1010100010001011101111000010001100101111001000001100101100111010
2222222222222222222222222222222222222222222222222222222222222222
2222222222222222222222222222222222222222222222222222222222222222
2222222222222222222222222222222222222222222222222222222222222222
2222222222222222222222222222222222222222222222222222222222222222
2222222222222222222222222222222222222222222222222222222222222222
2222222222222222222222222222222222222222222222222222222222222222
2222222222222222222222222222222222222222222222222222222222222222
2222222222222222222222222222222222222222222222222222222222222222
2222222222222222222222222222222222222222222222222222222222222222
2222222222222222222222222222222222222222222222222222222222222222
2222222222222222222222222222222222222222222222222222222222222222
2222222222222222222222222222222222222222222222222222222222222222
2222222222222222222222222222222222222222222222222222222222222222
2222222222222222222222222222222222222222222222222222222222222222
2222222222222222222222222222222222222222222222222222222222222222
2222222222222222222222222222222222222222222222222222222222222222
2222222222222222222222222222222222222222222222222222222222222222
2222222222222222222222222222222222222222222222222222222222222222
2222222222222222222222222222222222222222222222222222222222222222
2222222222222222222222222222222222222222222222222222222222222222
2222222222222222222222222222222222222222222222222222222222222222
2222222222222222222222222222222222222222222222222222222222222222
2222222222222222222222222222222222222222222222222222222222222222
2222222222222222222222222222222222222222222222222222222222222222
2222222222222222222222222222222222222222222222222222222222222222
2222222222222222222222222222222222222222222222222222222222222222
2222222222222222222222222222222222222222222222222222222222222222
2222222222222222222222222222222222222222222222222222222222222222
2222222222222222222222222222222222222222222222222222222222222222
2222222222222222222222222222222222222222222222222222222222222222
2222222222222222222222222222222222222222222222222222222222222222
2222222222222222222222222222222222222222222222222222222222222222
1001111110001100100101000010110100010100101110001010011101010001
1101100111110111010101101110011001111001111011000000100101000011
1100010101111110111100100011111110011011110000001011110110001110
0111101001001100000111100110001001000110011101111101001010000100
1111110011011010000011011100111010100111001100010001110000111001
0111100010000101011110011011001000001000000110001110111010011010
1101110100110111000110110000101110011111000111001100101010111000
1110010101010010001111110011011101011001001010000000100000100101
1001011111000111110011111101011011001101011101000010001010010001
1001100001110101011101100110100101101101001111101111010001100100
1100101011011110011111100000100110000100010110111010001010000100
1001101001000101110001000010101010011100110110001010110010101011
1101000100011101111110110110001000111001100101011000101101100101
0011111000110101100100100100011111100100010100101101101111100000
0111111000000101011011101111110011110000101110111111010111010111
0000100011011001101000000110100110111011110100111010010111111111
1000000000011100110011110100000001111110110000001011011011101111
0110011000001100101100111010001010000011001001110110111000000110
1110011001001110100111001100101100111001101100110000001110011100
1101101010000001011100100010010100100100000100001101101011000110
0000010001101111001000110010001010100000001111000110001111110101
1001111110000010101101000011110101000010010000011001011101100101
0110010010110110110001100000111011011010010100010100010111111000
0101100111001011100010111010110110111011111000101110100100110110
1101110111011011111111010010110011111001000110100111101010011010
1011100100111000100001000010001111100000000100101111101111100110
1011010111101000001001101010101101011000101101001000000101011000
0010011001101011101011100010101111010111010010010010001101101100
0011000110101110011101000101000000000011100010011010100011111011
1011111010110100010110101101101011001100001010000110100110010010
0000001010011001010001100110011000110000100110000000111010101111
1000100101110001010111000010011000001100100101101111011100110011
2222222222222222222222222222222222222222222222222222222222222222
2222222222222222222222222222222222222222222222222222222222222222
2222222222222222222222222222222222222222222222222222222222222222
2222222222222222222222222222222222222222222222222222222222222222
2222222222222222222222222222222222222222222222222222222222222222
2222222222222222222222222222222222222222222222222222222222222222
2222222222222222222222222222222222222222222222222222222222222222
2222222222222222222222222222222222222222222222222222222222222222
2222222222222222222222222222222222222222222222222222222222222222
2222222222222222222222222222222222222222222222222222222222222222
2222222222222222222222222222222222222222222222222222222222222222
2222222222222222222222222222222222222222222222222222222222222222
2222222222222222222222222222222222222222222222222222222222222222
2222222222222222222222222222222222222222222222222222222222222222
2222222222222222222222222222222222222222222222222222222222222222
2222222222222222222222222222222222222222222222222222222222222222
2222222222222222222222222222222222222222222222222222222222222222
2222222222222222222222222222222222222222222222222222222222222222
2222222222222222222222222222222222222222222222222222222222222222
2222222222222222222222222222222222222222222222222222222222222222
2222222222222222222222222222222222222222222222222222222222222222
2222222222222222222222222222222222222222222222222222222222222222
2222222222222222222222222222222222222222222222222222222222222222
2222222222222222222222222222222222222222222222222222222222222222
2222222222222222222222222222222222222222222222222222222222222222
2222222222222222222222222222222222222222222222222222222222222222
2222222222222222222222222222222222222222222222222222222222222222
2222222222222222222222222222222222222222222222222222222222222222
2222222222222222222222222222222222222222222222222222222222222222
2222222222222222222222222222222222222222222222222222222222222222
2222222222222222222222222222222222222222222222222222222222222222
2222222222222222222222222222222222222222222222222222222222222222
0111001011111101110111011100111010000010011011010100100010111111
1001000111011011100010011001111010011111100111010000000111100111
0101001111010101001101001111000111001101100100010011011111111110
0011101011000100010011001010101110001010010000001111000100000100
0110110110010010011100111110000100110100011010011001101100010011
0111101110011101111001111100011110000111111110011101001101101110
1111000010010101110000010111101001011100110011011010001001100110
1001100001001101010010000001000010101110000111010011001110111010
1100011010010001001001111011010101010000000011111001011111111000
0011001011101101000011111001100010101110101111011110111100100010
0100000001000001110101111000001100110111100101101010101001010010
1011100001100100010101011110011010011100100011010110011011011110
1000111010001001010110110010000111001001000011110011111000111000
1111001110110101100101100011110011111100000011100110010001101100
0001001001100000111000000111000010001001010110011011000000111100
1100011001001110000001011111001101100010110010011001110000100101
1001110010111001111010001100111011110110000001100111100010011011
0110101011110010111011111001000010011100101110010000011100000100
0100110101101100000010110110001010010010110010010110001011000111
1000001111100110111111110000001011111100101110010111101000011101
1011111111100111110100001101010101111100010000111011010111011000
1001101111110110100110010010110101110110101110111010101110100010
0100101111100111011011001111010001110111010010110111111101101010
1110011110101000110010000101000001001110010011111111110001100010
1000001111001011011101110011011111111111010100011110011110001101
0011101101100101001001011001010100010111011010011011100110000111
0101011011101011010011010011111011111001101000101011011000011101
1000111010001011111011011011010101000001001100001110010110000000
1110101111100001111010001100000100010110110000101111110110000000
0011111111010001110111011010110111101101111001001000111000011010
0100000010000101001000011000110010111011010000001101101110110100
1110100000011101010001011110000101110001010000101011100111111001
2222222222222222222222222222222222222222222222222222222222222222
2222222222222222222222222222222222222222222222222222222222222222
2222222222222222222222222222222222222222222222222222222222222222
2222222222222222222222222222222222222222222222222222222222222222
2222222222222222222222222222222222222222222222222222222222222222
2222222222222222222222222222222222222222222222222222222222222222
2222222222222222222222222222222222222222222222222222222222222222
2222222222222222222222222222222222222222222222222222222222222222
2222222222222222222222222222222222222222222222222222222222222222
2222222222222222222222222222222222222222222222222222222222222222
2222222222222222222222222222222222222222222222222222222222222222
2222222222222222222222222222222222222222222222222222222222222222
2222222222222222222222222222222222222222222222222222222222222222
2222222222222222222222222222222222222222222222222222222222222222
2222222222222222222222222222222222222222222222222222222222222222
2222222222222222222222222222222222222222222222222222222222222222
2222222222222222222222222222222222222222222222222222222222222222
2222222222222222222222222222222222222222222222222222222222222222
2222222222222222222222222222222222222222222222222222222222222222
2222222222222222222222222222222222222222222222222222222222222222
2222222222222222222222222222222222222222222222222222222222222222
2222222222222222222222222222222222222222222222222222222222222222
2222222222222222222222222222222222222222222222222222222222222222
2222222222222222222222222222222222222222222222222222222222222222
2222222222222222222222222222222222222222222222222222222222222222
2222222222222222222222222222222222222222222222222222222222222222
2222222222222222222222222222222222222222222222222222222222222222
2222222222222222222222222222222222222222222222222222222222222222
2222222222222222222222222222222222222222222222222222222222222222
2222222222222222222222222222222222222222222222222222222222222222
2222222222222222222222222222222222222222222222222222222222222222
2222222222222222222222222222222222222222222222222222222222222222
0101010001110011111010001110010101000111100000101110111110000001
0101001000011100011111101100111011001100100001001100000111101010
1000001000000011010100111000100001001100110100100001111111000010
0010111100100001111111001101110001111000101110100000101000101110
1001111100100001101000010000001100111000101110000110000011111100
1000111011011100100111111011001111100000110100101000010101111001
0111000000110010011000111110111000101011100000100010100000001011
0110011001100110110010110111100100000000010001101001100001001101
0010111011000001100011000000000000000011100001000010111110001011
0100110111110101100001001111001101110000011110110011011001101001
0110101011110011000110100001011011011000111010001000011000000110
1100000110100001101110111100111010101110011000011111001011010100
1001000000010110101101100100011110101001001000110001110000101101
1110010010010011111101000110110001110011100110001011011110001110
1010111010101101111101110100010001001010110000110000111011100100
1111110000111010110110111110100101100011001110000011011010111010
0010010000000100001011110001100011011100001010010101110101011100
0101001000001111011001100101101110100000101010100111101010110011
1100101110000011011111001010011101110111111111110011101000111110
1010001001000000011100001011010110011010010111010111011011011000
1111110001111011000111011001110111111101000001001001001010110000
0111011010111111101011110010110101111101111100111110100110100101
0000100111110011010010011001100000100100100100000011010001001011
0011000001111010100101111100010001011010101010110011111110100111
1011000101101011111000011101111000110110110101001010011000110000
0010010101101100011011000100011111001110111010111110011011011001
0010010000100001001011000110010001111011100010000011010111111101
1001010010010001110001100011000000101011010000010101100110110110
1110011110010110110011010011000100100100011100111001001110000010
1010000110010111000100111111001111101101110110100111110111111001
1111101001000010000010100001111110111010011001101011101010111010
0100001011001011101000110001100100010101011001011000110001100111
2222222222222222222222222222222222222222222222222222222222222222
2222222222222222222222222222222222222222222222222222222222222222
2222222222222222222222222222222222222222222222222222222222222222
2222222222222222222222222222222222222222222222222222222222222222
2222222222222222222222222222222222222222222222222222222222222222
2222222222222222222222222222222222222222222222222222222222222222
2222222222222222222222222222222222222222222222222222222222222222
2222222222222222222222222222222222222222222222222222222222222222
2222222222222222222222222222222222222222222222222222222222222222
2222222222222222222222222222222222222222222222222222222222222222
2222222222222222222222222222222222222222222222222222222222222222
2222222222222222222222222222222222222222222222222222222222222222
2222222222222222222222222222222222222222222222222222222222222222
2222222222222222222222222222222222222222222222222222222222222222
2222222222222222222222222222222222222222222222222222222222222222
2222222222222222222222222222222222222222222222222222222222222222
2222222222222222222222222222222222222222222222222222222222222222
2222222222222222222222222222222222222222222222222222222222222222
2222222222222222222222222222222222222222222222222222222222222222
2222222222222222222222222222222222222222222222222222222222222222
2222222222222222222222222222222222222222222222222222222222222222
2222222222222222222222222222222222222222222222222222222222222222
2222222222222222222222222222222222222222222222222222222222222222
2222222222222222222222222222222222222222222222222222222222222222
2222222222222222222222222222222222222222222222222222222222222222
2222222222222222222222222222222222222222222222222222222222222222
2222222222222222222222222222222222222222222222222222222222222222
2222222222222222222222222222222222222222222222222222222222222222
2222222222222222222222222222222222222222222222222222222222222222
2222222222222222222222222222222222222222222222222222222222222222
2222222222222222222222222222222222222222222222222222222222222222
2222222222222222222222222222222222222222222222222222222222222222
0110110111111011111010111011110001010001101110001110000101100000
1100011100110010101111100101100011101101101111001111011111100010
0011010110011101000000001010101000110101111011111011011011111011
1001001000000101110100010101000100100001111111110011111011110001
1101111011101011111011010000000011100010110100001010001110100010
0100010100001011011010000111100101001010011100110010101010001100
1000010011101001001111111001010000001011000011000010100000110110
0000110011000110000100101100111001001010011101101110101001011101
1110001101011100000111001101010000100101100101100011111101110101
1101011000110001110100001011100011101110100011000111100000110001
1001101111001011111101110111111000111111011001111111110100101110
1010001011111111110001010011111100110010001101100010101001100100
0100110110100010111000001100101101001011101010111001010000001101
1111101000100101111011010011011001111100111010001001111001101110
0110011110110101000111100011111000110101100000101110100110110010
1010011010011000100100011000111000000111101100010110110010001010
0100100110000101011111100010001111100101000001001110110011010111
0011110101000011000100110010111010001010111111000010001001110011
0101000000001110010100110111100010001011110010101010110001001010
1001110010011100000100000001111101010101000110100101100100101000
0100011100010101111010100001100111100000001001001010110010110110
1010111100000101110110000100001110101000101010111001000111101110
0010110011011101110001110111100001110110110110001011100111100001
1110011011010001001000000101001010110110110111000110101101111000
1011010001001011110101011000111011100100000010100000011010111111
0000101001011001111100111100000100011000001111011000001001011111
0010111001000110000110010100101111100100110000000011100111010110
0010000101010000100100111101010001011011010110011110101100011000
1110001011000001010101010100111001010011101110111111101110010010
0111011001110100110100010111100000011000000110000101110001010010
0000001110101111100101000110101010000001111100101010100101111000
1011000001111000010100001100100011001110111001010010100111111101
